structure(list(ORDER_NUMBER = structure(c(31L, 1L, 27L, 26L, 
24L, 22L, 22L, 22L, 22L, 22L, 22L, 25L, 12L, 4L, 2L, 5L, 32L, 
30L, 6L, 29L, 29L, 29L, 29L, 10L, 3L, 8L, 8L, 11L, 23L, 7L, 7L, 
13L, 16L, 14L, 9L, 9L, 18L, 15L, 28L, 28L, 28L, 17L, 19L, 20L, 
21L), .Label = c("#104,263,967", "102,068,439", "102,236,501", 
"102,375,467", "102,427,005", "102,670,295", "102,846,945", "102,849,382", 
"102,858,686", "102,874,909", "102,900,763", "103,105,554", "103,109,314", 
"103,142,652", "103,179,967", "103,192,924", "103,293,576", "103,303,518", 
"103,305,476", "103,346,281", "103,410,031", "104,203,512", "104,203,629", 
"104,262,382", "104,262,689", "104,263,205", "104,263,949", "104,406,110", 
"104,550,828", "104,708,578", "13,815,672", "900,100,320"), class = "factor"), 
    HEADER_ID = structure(c(1L, 28L, 27L, 26L, 24L, 22L, 22L, 
    22L, 22L, 22L, 22L, 25L, 12L, 4L, 2L, 5L, 31L, 32L, 6L, 30L, 
    30L, 30L, 30L, 10L, 3L, 8L, 8L, 11L, 23L, 7L, 7L, 13L, 16L, 
    14L, 9L, 9L, 18L, 15L, 29L, 29L, 29L, 17L, 19L, 20L, 21L), .Label = c("600,395,403", 
    "606,791,995", "607,011,397", "607,191,009", "607,255,608", 
    "607,577,527", "607,802,126", "607,805,405", "607,816,182", 
    "607,836,948", "607,869,088", "608,125,452", "608,130,046", 
    "608,173,520", "608,220,398", "608,235,952", "608,363,415", 
    "608,373,555", "608,376,293", "608,424,275", "608,517,156", 
    "610,156,085", "610,161,965", "610,288,494", "610,288,615", 
    "610,288,797", "610,291,027", "610,291,042", "610,497,239", 
    "610,695,587", "611,000,369", "611,002,772"), class = "factor"), 
    SET_NAME = c(29L, 3L, 2L, 4L, 1L, 6L, 2L, 3L, 5L, 8L, 9L, 
    1L, 11L, 4L, 7L, 5L, 2L, 1L, 12L, 4L, 1L, 2L, 3L, 1L, 2L, 
    55L, 58L, 34L, 1L, 263L, 265L, 24L, 2L, 1L, 79L, 81L, 2L, 
    2L, 10L, 8L, 9L, 3L, 57L, 2L, 1L), SET_ID = structure(c(1L, 
    36L, 35L, 34L, 32L, 29L, 26L, 27L, 28L, 30L, 31L, 33L, 13L, 
    3L, 2L, 4L, 44L, 45L, 5L, 43L, 40L, 41L, 42L, 9L, 6L, 7L, 
    8L, 10L, 25L, 11L, 12L, 14L, 18L, 17L, 15L, 16L, 21L, 19L, 
    39L, 37L, 38L, 20L, 22L, 23L, 24L), .Label = c("600,918,698", 
    "624,204,030", "625,259,976", "625,406,342", "626,189,970", 
    "626,592,923", "626,844,093", "626,844,097", "626,987,665", 
    "627,065,600", "627,080,281", "627,080,283", "627,626,652", 
    "627,637,952", "627,722,116", "627,722,117", "627,752,132", 
    "627,907,726", "628,066,252", "628,202,348", "628,222,472", 
    "628,237,543", "628,386,883", "628,569,140", "631,678,904", 
    "632,051,338", "632,051,339", "632,051,340", "632,051,342", 
    "632,051,343", "632,051,344", "632,057,800", "632,060,354", 
    "632,060,940", "632,064,258", "632,064,290", "632,807,571", 
    "632,807,572", "632,807,573", "634,357,331", "634,357,332", 
    "634,357,333", "634,357,334", "636,532,375", "636,544,399"
    ), class = "factor"), SHIPMENT_NUM = structure(c(44L, 35L, 
    34L, 33L, 31L, 27L, 24L, 25L, 26L, 28L, 29L, 32L, 14L, 3L, 
    1L, 4L, 45L, 43L, 5L, 42L, 39L, 40L, 41L, 12L, 2L, 8L, 9L, 
    13L, 30L, 6L, 7L, 15L, 18L, 16L, 10L, 11L, 20L, 17L, 36L, 
    37L, 38L, 19L, 21L, 22L, 23L), .Label = c("102068439-7", 
    "102236501-2", "102375467-4", "102427005-5", "102670295-12", 
    "102846945-263", "102846945-265", "102849382-55", "102849382-58", 
    "102858686-79", "102858686-81", "102874909-1", "102900763-34", 
    "103105554-11", "103109314-24", "103142652-1", "103179967-2", 
    "103192924-2", "103293576-3", "103303518-2", "103305476-57", 
    "103346281-2", "103410031-1", "104203512-2", "104203512-3", 
    "104203512-5", "104203512-6", "104203512-8", "104203512-9", 
    "104203629-1", "104262382-1", "104262689-1", "104263205-4", 
    "104263949-2", "104263967-3", "104406110-10", "104406110-8", 
    "104406110-9", "104550828-1", "104550828-2", "104550828-3", 
    "104550828-4", "104708578-1", "13815672-29", "900100320-2"
    ), class = "factor"), ORDER_TYPE = structure(c(4L, 11L, 11L, 
    11L, 11L, 11L, 11L, 11L, 11L, 11L, 11L, 10L, 1L, 10L, 2L, 
    11L, 3L, 8L, 5L, 11L, 11L, 11L, 11L, 1L, 2L, 10L, 10L, 10L, 
    11L, 10L, 10L, 11L, 2L, 2L, 7L, 7L, 11L, 6L, 11L, 11L, 11L, 
    11L, 10L, 9L, 2L), .Label = c("Internal Infosys - NL", "Internal Infosys - US", 
    "Replacement - US", "Standard - UKH", "Standard Infosys - AUS", 
    "Standard Infosys - CAN", "Standard Infosys - ITL", "Standard Infosys - JPN", 
    "Standard Infosys - RUS", "Standard Infosys - UKH", "Standard Infosys - US"
    ), class = "factor"), ORDER_TYPE_ID = structure(c(3L, 7L, 
    7L, 7L, 7L, 7L, 7L, 7L, 7L, 7L, 7L, 4L, 10L, 4L, 9L, 7L, 
    1L, 6L, 5L, 7L, 7L, 7L, 7L, 10L, 9L, 4L, 4L, 4L, 7L, 4L, 
    4L, 7L, 9L, 9L, 8L, 8L, 7L, 2L, 7L, 7L, 7L, 7L, 4L, 11L, 
    9L), .Label = c("700,044", "700,173", "700,186", "700,187", 
    "700,203", "700,226", "700,227", "700,279", "700,442", "700,446", 
    "700,737"), class = "factor"), FLOW_STATUS_CODE = structure(c(2L, 
    2L, 2L, 2L, 2L, 2L, 2L, 2L, 2L, 2L, 2L, 2L, 2L, 2L, 2L, 1L, 
    3L, 2L, 2L, 2L, 2L, 2L, 2L, 2L, 2L, 2L, 2L, 2L, 2L, 2L, 2L, 
    2L, 2L, 2L, 2L, 2L, 2L, 2L, 2L, 2L, 2L, 2L, 2L, 2L, 2L), .Label = c("", 
    "CLOSED", "SHIPPED"), class = "factor"), SHIP_FROM_ORG_ID = c(383L, 
    383L, 383L, 383L, 383L, 383L, 383L, 383L, 383L, 383L, 383L, 
    383L, 383L, 383L, 383L, 383L, 383L, 383L, 383L, 383L, 383L, 
    383L, 383L, 383L, 383L, 383L, 383L, 383L, 383L, 383L, 383L, 
    383L, 383L, 383L, 383L, 383L, 383L, 383L, 383L, 383L, 383L, 
    383L, 383L, 383L, 383L), OPT_IN_OUT = structure(c(1L, 1L, 
    1L, 1L, 1L, 1L, 1L, 1L, 1L, 1L, 1L, 2L, 1L, 1L, 1L, 2L, 1L, 
    1L, 1L, 2L, 2L, 2L, 2L, 1L, 1L, 1L, 1L, 1L, 1L, 1L, 1L, 2L, 
    1L, 1L, 1L, 1L, 1L, 1L, 1L, 1L, 1L, 2L, 1L, 2L, 1L), .Label = c("C", 
    "S"), class = "factor"), SHIPPING_METHOD_CODE = structure(c(5L, 
    5L, 4L, 5L, 5L, 6L, 6L, 6L, 6L, 6L, 6L, 2L, 5L, 4L, 5L, 2L, 
    6L, 5L, 5L, 3L, 3L, 3L, 3L, 5L, 5L, 5L, 5L, 5L, 5L, 5L, 5L, 
    2L, 5L, 5L, 5L, 5L, 5L, 4L, 5L, 5L, 5L, 1L, 5L, 2L, 5L), .Label = c("000001_ASGY_L_3_5_D", 
    "000001_CPU_L_LTL", "000001_FDEN_P_GND", "000002_INFY_L_EXP", 
    "000002_INFY_L_LTL", "000002_INFY_L_PRM"), class = "factor"), 
    SHIPMENT_AMOUNT = structure(c(1L, 18L, 23L, 4L, 22L, 34L, 
    17L, 26L, 14L, 3L, 3L, 30L, 11L, 21L, 2L, 1L, 25L, 16L, 19L, 
    8L, 7L, 6L, 9L, 2L, 2L, 35L, 35L, 33L, 5L, 10L, 13L, 32L, 
    24L, 2L, 12L, 12L, 2L, 15L, 29L, 20L, 27L, 28L, 36L, 31L, 
    2L), .Label = c("", "0", "1,313", "1,439", "1,799", "1,824", 
    "1,872", "1,910", "1,920", "10,080", "11,109", "11,520", 
    "13,680", "13,688", "15,783", "160", "188,010", "19,454", 
    "2,679", "2,765", "20,782", "28,348", "3,013", "3,512", "3,912", 
    "3,940", "300", "4,208", "400", "406", "5,156", "5,400", 
    "5,670", "657", "7,065", "999"), class = "factor"), DELIVERY_ID = structure(c(2L, 
    12L, 15L, 14L, 11L, 22L, 24L, 21L, 31L, 23L, 20L, 25L, 4L, 
    3L, 6L, 1L, 44L, 45L, 17L, 41L, 39L, 42L, 40L, 33L, 28L, 
    34L, 16L, 27L, 5L, 19L, 9L, 18L, 8L, 29L, 32L, 26L, 7L, 35L, 
    37L, 36L, 38L, 43L, 30L, 13L, 10L), .Label = c("", "111,853,246", 
    "116,116,165", "118,698,950", "119,066,782", "119,078,549", 
    "119,086,172", "119,090,639", "119,113,963", "119,113,972", 
    "119,114,239", "119,116,535", "119,133,015", "119,135,030", 
    "119,141,318", "119,154,611", "119,155,911", "119,155,912", 
    "119,180,033", "119,180,640", "119,180,806", "119,180,807", 
    "119,180,808", "119,181,102", "119,183,413", "119,188,103", 
    "119,196,873", "119,222,933", "119,245,454", "119,262,143", 
    "119,265,850", "119,278,575", "119,282,499", "119,297,280", 
    "119,347,455", "119,377,529", "119,399,276", "119,416,026", 
    "119,731,909", "119,731,910", "119,731,911", "119,747,859", 
    "120,183,597", "120,319,129", "120,357,139"), class = "factor"),